223	90	110	120	50	
90	152	96	80	31	
110	96	170	97	46	
120	80	97	221	44	
50	31	46	44	95	

223	140	158	147	96	
129	152	125	99	69	
147	128	170	118	85	
168	139	158	221	87	
68	51	64	57	95	

223	73	97	103	21	
73	152	86	64	13	
97	86	170	81	18	
103	64	81	221	15	
21	13	18	15	95	

223	119	142	126	36	
107	152	115	83	26	
133	113	170	98	34	
144	106	133	221	27	
27	21	26	20	95	
